index	whole_genome	promoter	uniform
A	0.2912	0.2479	0.2500
C	0.2088	0.2521	0.2500
G	0.2088	0.2521	0.2500
T	0.2912	0.2479	0.2500
CpG	0.0400	0.1298	0.3333
CHG	0.2108	0.2300	0.3333
CHH	0.7492	0.6402	0.3334
mCG	0.0863	0.0311	0.5000
mCHG	0.0076	0.0081	0.5000
mCHH	0.0079	0.0080	0.5000
AA	0.0909	0.0588	0.0625
AC	0.0533	0.0484	0.0625
AG	0.0735	0.0749	0.0625
AT	0.0735	0.0403	0.0625
CA	0.0745	0.0664	0.0625
CC	0.0524	0.0873	0.0625
CG	0.0083	0.0491	0.0625
CT	0.0735	0.0749	0.0625
GA	0.0622	0.0619	0.0625
GC	0.0409	0.0801	0.0625
GG	0.0524	0.0873	0.0625
GT	0.0533	0.0484	0.0625
TA	0.0636	0.0353	0.0625
TC	0.0622	0.0619	0.0625
TG	0.0745	0.0664	0.0625
TT	0.0909	0.0588	0.0625

