position	CpG_p	CpG_m	CHG_p	CHG_m	CHH_p	CHH_m	Methylation	Base	Total
1	0.00	0.00	0.00	0.00	0.00	0.00	0.00	0.21	0.21
2	0.00	0.00	0.00	0.00	0.00	0.00	0.00	0.88	0.88
3	0.00	0.00	0.00	0.00	0.00	0.00	0.00	1.80	1.80
4	0.00	0.00	0.00	0.00	0.00	0.00	0.00	1.79	1.79
5	0.00	0.00	0.00	0.00	0.00	0.00	0.00	1.65	1.66
6	0.05	0.00	0.00	0.00	0.01	0.00	0.05	2.25	2.30
7	0.00	0.05	0.00	0.00	0.00	0.00	0.05	0.54	0.59
8	0.00	0.00	0.00	0.00	0.00	0.00	0.00	0.67	0.68
9	0.00	0.00	0.00	0.00	0.00	0.00	0.00	1.01	1.01
10	0.00	0.00	0.00	0.00	0.00	0.00	0.00	1.79	1.79
11	0.00	0.00	0.00	0.00	0.00	0.00	0.00	0.91	0.91
